--- 
  version: 
    config: 1460346668
    puppet: "3.6.2"
  resources: 
    changed: 1
    failed: 0
    failed_to_restart: 0
    out_of_sync: 1
    restarted: 0
    scheduled: 0
    skipped: 0
    total: 8
  time: 
    config_retrieval: 0.190830033
    exec: 1.51530478
    filebucket: 9.4218e-05
    schedule: 0.000517387
    total: 1.7067464179999998
    last_run: 1460346670
  changes: 
    total: 1
  events: 
    failure: 0
    success: 1
    total: 1