--- 
  version: 
    config: 1460346668
    puppet: "3.6.2"
  resources: 
    changed: 1
    failed: 0
    failed_to_restart: 0
    out_of_sync: 1
    restarted: 0
    scheduled: 0
    skipped: 0
    total: 8
  time: 
    config_retrieval: 0.226911968
    exec: 1.205620949
    filebucket: 0.000182899
    schedule: 0.000635149
    total: 1.433350965
    last_run: 1460346671
  changes: 
    total: 1
  events: 
    failure: 0
    success: 1
    total: 1